NO. OF DAYS
PRESENT"	NO. OF DAYS ON LEAVE W/O PAY	LEAVE CREDITS EARNED
	30.00	0.00	1.250
	29.50	0.50	1.229
	29.00	1.00	1.208
	28.50	1.50	1.188
	28.00	2.00	1.167
	27.50	2.50	1.146
	27.00	3.00	1.125
	26.50	3.50	1.104
	26.00	4.00	1.083
	25.50	4.50	1.063
	25.00	5.00	1.042
	24.50	5.50	1.021
	24.00	6.00	1.000
	23.50	6.50	0.979
	23.00	7.00	0.958
	22.50	7.50	0.938
	22.00	8.00	0.914
	21.50	8.50	0.896
	21.00	9.00	0.875
	20.50	9.50	0.854
	20.00	10.00	0.833
	19.50	10.50	0.813
	19.00	11.00	0.792
	18.50	11.50	0.771
	18.00	12.00	0.750
	17.50	12.50	0.729
	17.00	13.00	0.708
	16.50	13.50	0.687
	16.00	14.00	0.667
	15.50	14.50	0.646
	15.00	15.00	0.625
	14.50	15.50	0.604
	14.00	16.00	0.583
	13.50	16.50	0.562
	13.00	17.00	0.542
	12.50	17.50	0.521
	12.00	18.00	0.500
	11.50	18.50	0.479
	11.00	19.00	0.458
	10.50	19.50	0.437
	10.00	20.00	0.417
	9.50	20.50	0.396
	9.00	21.00	0.375
	8.50	21.50	0.354
	8.00	22.00	0.333
	7.50	22.50	0.312
	7.00	23.00	0.292
	6.50	23.50	0.271
	6.00	24.00	0.250
	5.50	24.50	0.229
	5.00	25.00	0.208
	4.50	25.50	0.187
	4.00	26.00	0.167
	3.50	26.50	0.146
	3.00	27.00	0.125
	2.50	27.50	0.104
	2.00	28.00	0.083
	1.50	28.50	0.062
	1.00	29.00	0.042
	0.50	29.50	0.021
	0.00	30.00	0.000
